00 00 00 01	-> Block Index
00			-> CGXDLMSLNParameters::m_Status

ExtraLen = ReplySizeFromC4ToHere(8) + CipheringHeaderSize(22)
Len1 = DataLen
Len2 = MaxPDUSize - ExtraLen - LenBytesSize(number of bytes - 1|2|4 - to represent {MaxPDUSize - ExtraLen} basically)
Len = (Len1 + ExtraLen <= MaxPDUSize) ? Len1 : Len2

82			-> Len < 80 ? (uint8_t)Len : (LenBytesSize | 80)
03 f4		-> Len > 80 ? Len(1|2|4 bytes) : (0 bytes)

01 18
	02 04
		12 00 0F
		11 02
		09 06 00 00 28 00 00 FF
		02 02
			01 0B
				02 03
					0F 01
					16 01
					00
				02 03
					0F 02
					16 01
					00
				02 03
					0F 03
					16 01
					00
				02 03
					0F 04
					0F 01
					00
				02 03
					0F 05
					0F 01
					00
				02 03
					0F 06
					0F 01
					00
				02 03
					0F 07
					0F 01
					00
				02 03
					0F 08
					0F 01
					00
				02 03
					0F 09
					16 01
					00
				02 03
					0F 0A
					16 01
					00
				02 03
					0F 0B
					16 01
					00
			01 06
				02 02
					0F 01
					16 00
				02 02
					0F 02
					16 00
				02 02
					0F 03
					16 00
				02 02
					0F 04
					16 00
				02 02
					0F 05
					16 00
				02 02
					0F 06
					16 00
	02 04
		12 00 29
		11 00
		09 06 00 00 19 00 00 FF
		02 02
			01 06
				02 03
					0F 01
					16 01
					00
				02 03
					0F 02
					16 01
					00
				02 03
					0F 03
					16 01
					00
				02 03
					0F 04
					16 01
					00
				02 03
					0F 05
					0F 01
					00
				02 03
					0F 06
					16 01
					00
			01 00
	02 04
		12 00 01
		11 00
		09 06 00 00 2A 00 00 FF
		02 02
			01 02
				02 03
					0F 01
					0F 01
					00
				02 03
					0F 02
					0F 01
					00
			01 00
	02 04
		12 00 01
		11 00
		09 06 01 00 00 02 00 FF
		02 02
			01 02
				02 03
					0F 01
					0F 01
					00
				02 03
					0F 02
					0F 01
					00
			01 00
	02 04
		12 00 01
		11 00
		09 06 01 01 00 00 00 FF
		02 02
			01 02
				02 03
					0F 01
					0F 01
					00
				02 03
					0F 02
					0F 01
					00
			01 00
	02 04
		12 00 01
		11 00
		09 06 01 01 00 00 01 FF
		02 02
			01 02
				02 03
					0F 01
					0F 01
					00
				02 03
					0F 02
					0F 01
					00
			01 00
	02 04
		12 00 03
		11 00
		09 06 01 01 15 19 00 FF
		02 02
			01 03
				02 03
					0F 01
					0F 01
					00
				02 03
					0F 02
					0F 01
					00
				02 03
					0F 03
					0F 01
					00
			01 01
				02 02
					0F 01
					16 00
	02 04
		12 00 08
		11 00
		09 06 00 00 01 00 00 FF
		02 02
			01 09
				02 03
					0F 01
					0F 01
					00
				02 03
					0F 02
					0F 01
					00
				02 03
					0F 03
					0F 01
					00
				02 03
					0F 04
					0F 01
					00
				02 03
					0F 05
					0F 01
					00
				02 03
					0F 06
					0F 01
					00
				02 03
					0F 07
					0F 01
					00
				02 03
					0F 08
					0F 01
					00
				02 03
					0F 09
					0F 01
					00
			01 06
				02 02
					0F 01
					16 00
				02 02
					0F 02
					16 00
				02 02
					0F 03
					16 00
				02 02
					0F 04
					16 00
				02 02
					0F 05
					16 00
				02 02
					0F 06
					16 00
	02 04
		12 00 07
		11 00
		09 06 01 00 63 01 00 FF
		02 02
			01 08
				02 03
					0F 01
					0F 01
					00
				02 03
					0F 02
					0F 01
					00
				02 03
					0F 03
					0F 01
					00
				02 03
					0F 04
					0F 01
					00
				02 03
					0F 05
					0F 01
					00
				02 03
					0F 06
					0F 01
					00
				02 03
					0F 07
					0F 01
					00
				02 03
					0F 08
					0F 01
					00
			01 02
				02 02
					0F 01
					16 00
				02 02
					0F 02
					16 00
	02 04
		12 00 1D
		11 02
		09 06 00 00 02 01 00 FF
		02 02
			01 06
				02 03
					0F 01
					0F 01
					00
				02 03
					0F 02
					0F 01
					00
				02 03
					0F 03
					0F 01
					00
				02 03
					0F 04
					0F 01
					00
				02 03
					0F 05
					0F 01
					00
				02 03
					0F 06
					0F 01
					00
			01 01
				02 02
					0F 01
					16 00
	02 04
		12 00 14
		11 00
		09 06 00 00 0D 00 00 FF
		02 02
			01 0A
				02 03
					0F 01
					0F 01
					00
				02 03
					0F 02
					0F 01
					00
				02 03
					0F 03
					0F 01
					00
				02 03
					0F 04
					0F 01
					00
				02 03
					0F 05
					0F 01
					00
				02 03
					0F 06
					0F 01
					00
				02 03
					0F 07
					0F 01
					00
				02 03
					0F 08
					0F 01
					00
				02 03
					0F 09
					0F 01
					00
				02 03
					0F 0A
					16 01
					00
			01 01
				02 02
					0F 01
					16 00
	02 04
		12 00 13
		11 01
		09 06 00 00 14 00 00 FF
		02 02
			01 09
				02 03
					0F 01
					0F 01
					00
				02 03
					0F 02
					0F 01
					00
				02 03
					0F 03
					0F 01
					00
				02 03
					0F 04
					0F 01
					00
				02 03
					0F 05
					0F 01
					00
				02 03
					0F 06
					0F 01
					00
				02 03
					0F 07
					0F 01
					00
				02 03
					0F 08
					0F 01
					00
				02 03
					0F 09
					0F 01
					00
			01 00
	02 04
		12 00 05
		11 00
		09 06 01 00 1F 04 00 FF
		02 02
			01 09
				02 03
					0F 01
					0F 01
					00
				02 03
					0F 02
					0F 01
					00
				02 03
					0F 03
					0F 01
					00
				02 03
					0F 04
					0F 01
					00
				02 03
					0F 05
					0F 01
					00
				02 03
					0F 06
					0F 01
					00
				02 03
					0F 07
					0F 01
					00
				02 03
					0F 08
					0F 01
					00
				02 03
					0F 09
					0F 01
					00
			01 02
				02 02
					0F 01
					16 00
				02 02
					0F 02
					16 00
	02 04
		12 00 15
		11 00
		09 06 00 00 10 01 00 FF
		02 02
			01 04
				02 03
					0F 01
					0F 01
					00
				02 03
					0F 02
					0F 01
					00
				02 03
					0F 03
					0F 01
					00
				02 03
					0F 04
					0F 01
					00
			01 00
	02 04
		12 00 16
		11 00
		09 06 00 00 0F 00 00 FF
		02 02
			01 04
				02 03
					0F 01
					0F 01
					00
				02 03
					0F 02
					0F 01
					00
				02 03
					0F 03
					0F 01
					00
				02 03
					0F 04
					16 01
					00
			01 00

02 04 12 00 16 11 00 09 06 00 00
0f 00 00 ff 02 02 01 04 02 03

| ============================================================================= |

00 00 00 02	-> Block Index
00			-> CGXDLMSLNParameters::m_Status
82			-> Len > 80, LenBytesSize = 2
02 4d		-> Len (number of bytes)

	0f 01
	16 01
	00
02 03
	0f 02
	16 01
	00
02 03
	0f 03
	16 01
	00
02 03
	0f 04
	16 01
	00
01 00

02 04
	12 00 11
	11 00
	09 06 00 00 29 00 00 FF
	02 02
		01 02
			02 03
				0F 01
				16 01
				00
			02 03
				0F 02
				16 01
				00
		01 01
			02 02
				0F 01
				16 00
02 04
	12 00 1C
	11 00
	09 06 00 00 02 02 00 FF
	02 02
		01 06
			02 03
				0F 01
				16 01
				00
			02 03
				0F 02
				16 01
				00
			02 03
				0F 03
				16 01
				00
			02 03
				0F 04
				16 01
				00
			02 03
				0F 05
				16 01
				00
			02 03
				0F 06
				16 01
				00
		01 00
02 04
	12 00 1B
	11 00
	09 06 00 00 02 00 00 FF
	02 02
		01 04
			02 03
				0F 01
				16 01
				00
			02 03
				0F 02
				16 01
				00
			02 03
				0F 03
				16 01
				00
			02 03
				0F 04
				16 01
				00
		01 00
02 04
	12 00 2B
	11 00
	09 06 00 00 19 02 00 FF
	02 02
		01 02
			02 03
				0F 01
				16 01
				00
			02 03
				0F 02
				16 01
				00
		01 00
02 04
	12 00 2A
	11 00
	09 06 00 00 19 01 00 FF
	02 02
		01 0A
			02 03
				0F 01
				16 01
				00
			02 03
				0F 02
				16 01
				00
			02 03
				0F 03
				16 01
				00
			02 03
				0F 04
				16 01
				00
			02 03
				0F 05
				16 01
				00
			02 03
				0F 06
				16 01
				00
			02 03
				0F 07
				16 01
				00
			02 03
				0F 08
				16 01
				00
			02 03
				0F 09
				16 01
				00
			02 03 0F 0A 16 01 00
		01 03
			02 02
				0F 01
				16 00
			02 02
				0F 02
				16 00
			02 02
				0F 03
				16 00
02 04
	12 00 28
	11 00
	09 06 00 07 19 09 00 FF
	02 02
		01 07
			02 03
				0F 01
				16 01
				00
			02 03
				0F 02
				16 01
				00
			02 03
				0F 03
				16 01
				00
			02 03
				0F 04
				16 01
				00
			02 03
				0F 05
				16 01
				00
			02 03
				0F 06
				16 01
				00
			02 03
				0F 07
				16 01
				00
		01 01
			02 02
				0F 01
				16 00
02 04
	12 00 12
	11 00
	09 06 00 00 2C 00 00 FF
	02 02
		01 07
			02 03
				0F 01
				16 01
				00
			02 03
				0F 02
				16 01
				00
			02 03
				0F 03
				16 01
				00
			02 03
				0F 04
				16 01
				00
			02 03
				0F 05
				16 01
				00
			02 03
				0F 06
				16 01
				00
			02 03
				0F 07
				16 01
				00
		01 04
			02 02
				0F 01 16 00
			02 02
				0F 02 16 00
			02 02
				0F 03 16 00
			02 02
				0F 04 16 00
02 04
	12 00 09
	11 00
	09 06 00 00 0A 00 64 FF
	02 02
		01 02
			02 03
				0F 01
				16 01
				00
			02 03
				0F 02
				16 01
				00
		01 01
			02 02
				0F 01
				16 00
02 04
	12 00 0A
	11 00
	09 06 00 00 0C 00 00 FF
	02 02
		01 02
			02 03
				0F 01
				16 01
				00
			02 03
				0F 02
				16 01
				00
		01 03
			02 02
				0F 01
				16 00
			02 02
				0F 02
				16 00
			02 02
				0F 03
				16 00

